21	9411193	9775437	+	21	8522360	8886604	+
21	9825437	10215976	+	21	8986604	9377143	+
21	10365976	10371478	+	21	9887934	9893436	+
21	10371478	10372758	+	21	9893442	9894722	+
21	10372758	10381501	+	21	9894724	9903467	+
21	10381502	10385079	+	21	9903467	9907044	+
21	10385081	10386483	+	21	9907044	9908446	+
21	10386483	10387718	+	21	9908457	9909692	+
21	10387719	10389792	+	21	9909692	9911765	+
21	10389793	10647896	+	21	9911765	10169868	+
21	10987008	11145857	+	21	10366599	10525448	-
21	14338129	16526867	+	21	12965808	15154546	+
21	16526867	16611716	+	21	15154547	15239396	+
21	16611716	17265915	+	21	15239397	15893596	+
21	17265916	17624695	+	21	15893596	16252375	+
21	17624696	17740427	+	21	16252375	16368106	+
21	17740427	17981988	+	21	16368107	16609668	+
21	17981988	18199530	+	21	16609669	16827211	+
21	18199531	18374059	+	21	16827211	17001739	+
21	18374059	18392942	+	21	17001740	17020623	+
21	18392942	18638631	+	21	17020624	17266313	+
21	18638632	18802200	+	21	17266313	17429881	+
21	18802200	19106686	+	21	17429882	17734368	+
21	19106686	19399220	+	21	17734369	18026903	+
21	19399221	19499478	+	21	18026903	18127160	+
21	19499478	19819118	+	21	18127161	18446801	+
21	19819119	20386339	+	21	18446801	19014021	+
21	20386340	20450053	+	21	19014021	19077734	+
21	20450053	20588439	+	21	19077735	19216121	+
21	20588439	20860447	+	21	19216122	19488130	+
21	20860447	20907493	+	21	19488131	19535177	+
21	20907493	20923027	+	21	19535178	19550712	+
21	20923027	21390707	+	21	19550713	20018393	+
21	21390707	21645276	+	21	20018394	20272963	+
21	21645276	21886514	+	21	20272964	20514202	+
21	21886515	22044020	+	21	20514202	20671707	+
21	22044021	22065803	+	21	20671707	20693489	+
21	22065804	22080368	+	21	20693489	20708053	+
21	22080369	22081894	+	21	20708053	20709578	+
21	22081895	22095061	+	21	20709578	20722744	+
21	22095062	22267999	+	21	20722744	20895681	+
21	22267999	22355559	+	21	20895682	20983242	+
21	22355560	22362549	+	21	20983242	20990231	+
21	22362549	22363360	+	21	20990232	20991043	+
21	22363361	22374804	+	21	20991043	21002486	+
21	22374804	22399110	+	21	21002487	21026793	+
21	22399111	22450387	+	21	21026793	21078069	+
21	22450387	22462304	+	21	21078070	21089987	+
21	22462305	22471774	+	21	21089987	21099456	+
21	22471775	22478082	+	21	21099456	21105763	+
21	22478082	22558281	+	21	21105764	21185963	+
21	22558282	22589634	+	21	21185963	21217315	+
21	22589635	22593902	+	21	21217315	21221582	+
21	22593903	22604346	+	21	21221582	21232025	+
21	22604346	22836966	+	21	21232026	21464646	+
21	22836967	23044662	+	21	21464646	21672341	+
21	23044662	23335028	+	21	21672342	21962708	+
21	23335028	23502484	+	21	21962709	22130165	+
21	23502485	23534676	+	21	22130165	22162356	+
21	23534676	23601015	+	21	22162357	22228696	+
21	23601016	23877937	+	21	22228696	22505617	+
21	23877937	24029972	+	21	22505618	22657653	+
21	24029973	24120653	+	21	22657653	22748333	+
21	24120654	24364134	+	21	22748333	22991813	+
21	24364135	24753833	+	21	22991813	23381511	+
21	24753833	24772259	+	21	23381512	23399938	+
21	24772259	24817868	+	21	23399939	23445548	+
21	24817868	24923081	+	21	23445549	23550762	+
21	24923081	25051875	+	21	23550763	23679557	+
21	25051875	25198951	+	21	23679558	23826634	+
21	25198951	25294039	+	21	23826635	23921723	+
21	25294039	25429818	+	21	23921724	24057503	+
21	25429818	25454499	+	21	24057504	24082185	+
21	25454499	25501646	+	21	24082186	24129333	+
21	25501647	25544945	+	21	24129333	24172631	+
21	25544945	25738566	+	21	24172632	24366253	+
21	25738567	26353372	+	21	24366253	24981058	+
21	26353372	26353635	+	21	24981059	24981322	+
21	26353635	26391125	+	21	24981323	25018813	+
21	26391126	26499982	+	21	25018813	25127669	+
21	26499983	26749038	+	21	25127669	25376724	+
21	26749038	26759180	+	21	25376725	25386867	+
21	26759180	27091434	+	21	25386868	25719122	+
21	27091434	27256872	+	21	25719123	25884561	+
21	27256873	27303880	+	21	25884561	25931568	+
21	27303881	27306338	+	21	25931568	25934025	+
21	27306339	27312841	+	21	25934025	25940527	+
21	27312842	27321138	+	21	25940527	25948823	+
21	27321138	27336398	+	21	25948824	25964084	+
21	27336398	27361756	+	21	25964085	25989443	+
21	27361757	27366446	+	21	25989443	25994132	+
21	27366447	27392972	+	21	25994132	26020657	+
21	27392973	27400714	+	21	26020657	26028398	+
21	27400714	27414690	+	21	26028399	26042375	+
21	27414691	27463885	+	21	26042375	26091569	+
21	27463886	27479968	+	21	26091569	26107651	+
21	27479968	27483227	+	21	26107652	26110911	+
21	27483228	27508000	+	21	26110911	26135683	+
21	27508001	27549606	+	21	26135683	26177288	+
21	27549607	29324848	+	21	26177288	27952529	+
21	29324848	29329729	+	21	27952530	27957411	+
21	29329730	29712456	+	21	27957411	28340137	+
21	29712457	29734109	+	21	28340137	28361789	+
21	29734110	29892776	+	21	28361789	28520455	+
21	29892777	30168088	+	21	28520455	28795766	+
21	30168089	30190131	+	21	28795766	28817808	+
21	30190131	30356438	+	21	28817809	28984116	+
21	30356438	30743994	+	21	28984117	29371673	+
21	30743994	30892919	+	21	29371674	29520599	+
21	30892920	30935555	+	21	29520599	29563234	+
21	30935555	31063107	+	21	29563235	29690787	+
21	31063107	31152538	+	21	29690788	29780219	+
21	31152538	31156745	+	21	29780220	29784427	+
21	31156745	31283906	+	21	29784428	29911589	+
21	31283907	31829425	+	21	29911589	30457107	+
21	31829426	31860779	+	21	30457107	30488460	+
21	31860779	31906701	+	21	30488461	30534383	+
21	31906702	32020759	+	21	30534383	30648440	+
21	32020759	32201970	+	21	30648441	30829652	+
21	32201971	32464012	+	21	30829652	31091693	+
21	32464012	32530177	+	21	31091694	31157859	+
21	32530177	32557463	+	21	31157860	31185146	+
21	32557463	32650766	+	21	31185147	31278450	+
21	32650766	32746100	+	21	31278451	31373785	+
21	32746100	32755125	+	21	31373786	31382811	+
21	32755125	33178775	+	21	31382812	31806462	+
21	33178775	33214423	+	21	31806463	31842111	+
21	33214424	33270228	+	21	31842111	31897915	+
21	33270228	33349830	+	21	31897916	31977518	+
21	33349831	33471554	+	21	31977518	32099241	+
21	33471554	33499527	+	21	32099242	32127215	+
21	33499527	33519289	+	21	32127216	32146978	+
21	33519290	33629960	+	21	32146978	32257648	+
21	33629960	33691507	+	21	32257649	32319196	+
21	33691507	33702566	+	21	32319197	32330256	+
21	33702566	33783870	+	21	32330257	32411561	+
21	33783870	33842290	+	21	32411562	32469982	+
21	33842291	33853480	+	21	32469982	32481171	+
21	33853481	34097078	+	21	32481171	32724768	+
21	34097079	34166951	+	21	32724768	32794640	+
21	34166951	34224412	+	21	32794641	32852102	+
21	34224412	34231781	+	21	32852103	32859472	+
21	34231781	34326183	+	21	32859473	32953875	+
21	34326183	34329877	+	21	32953876	32957570	+
21	34329878	34417229	+	21	32957570	33044921	+
21	34417229	34426309	+	21	33044922	33054002	+
21	34426309	34540595	+	21	33054003	33168289	+
21	34540595	34552798	+	21	33168290	33180493	+
21	34552799	34557232	+	21	33180493	33184926	+
21	34557232	34700521	+	21	33184927	33328216	+
21	34700522	34786738	+	21	33328216	33414432	+
21	34786739	34897697	+	21	33414432	33525390	+
21	34897697	35050207	+	21	33525391	33677901	+
21	35050207	35134087	+	21	33677902	33761782	+
21	35134087	35321844	+	21	33761783	33949540	+
21	35321844	35332313	+	21	33949541	33960010	+
21	35332313	35339763	+	21	33960011	33967461	+
21	35339763	35408985	+	21	33967462	34036684	+
21	35408985	35455294	+	21	34036685	34082994	+
21	35455294	35494082	+	21	34082995	34121783	+
21	35494083	35548395	+	21	34121783	34176095	+
21	35548396	35632387	+	21	34176095	34260086	+
21	35632387	35705925	+	21	34260087	34333625	+
21	35705925	35752535	+	21	34333626	34380236	+
21	35752535	35962505	+	21	34380237	34590207	+
21	35962505	35967527	+	21	34590208	34595230	+
21	35967528	35979492	+	21	34595230	34607194	+
21	35979493	36076132	+	21	34607194	34703833	+
21	36076132	36105722	+	21	34703834	34733424	+
21	36105722	36613164	+	21	34733425	35240867	+
21	36613165	36902610	+	21	35240867	35530312	+
21	36902610	36917803	+	21	35530313	35545506	+
21	36917804	38048649	+	21	35545506	36676351	+
21	38048650	38051044	+	21	36676351	36678745	+
21	38051045	38087286	+	21	36678745	36714986	+
21	38087287	38182959	+	21	36714986	36810658	+
21	38182959	38526942	+	21	36810659	37154642	+
21	38526943	38528873	+	21	37154642	37156572	+
21	38528874	38557684	+	21	37156572	37185382	+
21	38557684	38653807	+	21	37185383	37281506	+
21	38653808	38869565	+	21	37281506	37497263	+
21	38869566	38896293	+	21	37497263	37523990	+
21	38896293	39053356	+	21	37523991	37681054	+
21	39053357	39073445	+	21	37681054	37701142	+
21	39073445	39084122	+	21	37701143	37711820	+
21	39084123	39189465	+	21	37711820	37817162	+
21	39189465	39237681	+	21	37817163	37865379	+
21	39237682	39346898	+	21	37865379	37974595	+
21	39346898	39436262	+	21	37974596	38063960	+
21	39436262	39588017	+	21	38064168	38215923	+
21	39588017	39807205	+	21	38216095	38435283	+
21	39807206	39863276	+	21	38435283	38491353	+
21	39863277	40320004	+	21	38491353	38948080	+
21	40320005	40337078	+	21	38948080	38965153	+
21	40337079	40398980	+	21	38965153	39027054	+
21	40398980	40422871	+	21	39027055	39050946	+
21	40422872	40880220	+	21	39050946	39508294	+
21	40880221	41235666	+	21	39508294	39863739	+
21	41235666	41257253	+	21	39863740	39885327	+
21	41257253	41310604	+	21	39885328	39938679	+
21	41310605	41316107	+	21	39938679	39944181	+
21	41316108	41984421	+	21	39944181	40612494	+
21	41984421	42420826	+	21	40612495	41048900	+
21	42420827	42955471	+	21	41048900	41583544	+
21	42955472	42955559	+	21	41583544	41583631	+
21	43005559	43005574	+	21	41585403	41585418	+
21	43005575	43005583	+	21	41585418	41585426	+
21	43005584	43005586	+	21	41585426	41585428	+
21	43005587	43005597	+	21	41585428	41585438	+
21	43005598	43226828	+	21	41585438	41806668	+
21	43227328	43249342	+	21	41806972	41828986	+
21	43250842	43502397	+	21	41830733	42082288	+
21	43502398	43753683	+	21	42082288	42333573	+
21	43753683	43854179	+	21	42333574	42434070	+
21	43854180	44632571	+	21	42434070	43212461	+
21	44682667	44682672	+	21	43262791	43262796	+
21	44682675	44686665	+	21	43262796	43266786	+
21	44686666	44965749	+	21	43266786	43545869	+
21	44965750	45550460	+	21	43545869	44130579	+
21	45550461	45566939	+	21	44130579	44147057	+
21	45566940	45987232	+	21	44147057	44567349	+
21	45987233	45988377	+	21	44567349	44568493	+
21	45988377	45992763	+	21	44568494	44572880	+
21	45992763	46001567	+	21	44572886	44581690	+
21	46001569	46002730	+	21	44581690	44582851	+
21	46002735	46002896	+	21	44582851	44583012	+
21	46002896	46003071	+	21	44583013	44583188	+
21	46003072	46003686	+	21	44583188	44583802	+
21	46003686	46006567	+	21	44583805	44586686	+
21	46006567	46010220	+	21	44586687	44590340	+
21	46010221	46014533	+	21	44590340	44594652	+
21	46014542	46014730	+	21	44594652	44594840	+
21	46014731	46017318	+	21	44594840	44597427	+
21	46017328	46017337	+	21	44597427	44597436	+
21	46017337	46019070	+	21	44597437	44599170	+
21	46019074	46020476	+	21	44599170	44600572	+
21	46020476	46020667	+	21	44600576	44600767	+
21	46020682	46021956	+	21	44600767	44602041	+
21	46021958	46100825	+	21	44602041	44680908	+
21	46100825	46416591	+	21	44680910	44996676	+
21	46416591	46419360	+	21	44996677	44999446	+
21	46419361	46849331	+	21	44999446	45429416	+
21	46849331	47774254	+	21	45429417	46354340	+
21	47774255	47816107	+	21	46354340	46396192	+
21	47816107	47852151	+	21	46396193	46432237	+
21	47852151	48029177	+	21	46432238	46609264	+
21	48029177	48119895	+	21	46609265	46699983	+
